1.960000
3.848047
5.666783
7.418751
9.106403
10.732100
12.298118
13.806644
15.259792
16.659594
18.008007
19.306921
20.558149
21.763445
22.924494
24.042919
25.120287
26.158104
27.157822
28.120838
29.048502
29.942110
30.802914
31.632116
32.430878
33.200317
33.941509
34.655491
35.343262
36.005787
36.643990
37.258762
37.850967
38.421432
38.970955
39.500301
40.010216
40.501411
40.974575
41.430370
41.869431
42.292374
42.699791
43.092251
43.470303
43.834476
44.185280
44.523205
44.848724
45.162296
45.464355
45.755325
46.035614
46.305614
46.565701
46.816238
47.057579
47.290062
47.514011
47.729736
47.937542
48.137722
48.330551
48.516300
48.695232
48.867596
49.033630
49.193569
49.347637
49.496048
49.639011
49.776726
49.909386
50.037178
50.160278
50.278858
50.393085
50.503120
50.609116
50.711220
50.809574
50.904320
50.995586
51.083500
51.168186
51.249763
51.328346
51.404045
51.476967
51.547211
51.614876
51.680058
51.742844
51.803326
51.861588
51.917709
51.971771
52.023849
52.074017
52.122341
52.168892
52.213734
52.256931
52.298542
52.338623
52.377235
52.414429
52.450256
52.484768
52.518013
52.550037
52.580887
52.610603
52.639229
52.666805
52.693367
52.718956
52.743607
52.767349
52.790222
52.812256
52.833481
52.853928
52.873623
52.892593
52.910870
52.928474
52.945431
52.961765
52.977501
52.992661
53.007263
53.021328
53.034878
53.047928
53.060501
53.072613
53.084278
53.095516
53.106342
53.116772
53.126816
53.136494
53.145813
53.154793
53.163441
53.171772
53.179798
53.187531
53.194977
53.202152
53.209064
53.215721
53.222134
53.228310
53.234261
53.239994
53.245514
53.250832
53.255955
53.260891
53.265644
53.270226
53.274635
53.278885
53.282978
53.286922
53.290722
53.294380
53.297905
53.301300
53.304569
53.307720
53.310757
53.313679
53.316494
53.319206
53.321819
53.324337
53.326763
53.329098
53.331348
53.333515
53.335602
53.337612
53.339550
53.341415
53.343212
53.344944
53.346611
53.348217
53.349766
53.351257
53.352695
53.354080
53.355415
53.356701
53.357937
53.359127
53.360275
53.361382
53.362446
53.363472
53.364460
53.365414
53.366329
53.367214
53.368065
53.368885
53.369675
53.370434
53.371166
53.371872
53.372551
53.373207
53.373837
53.374443
53.375031
53.375595
53.376137
53.376659
53.377163
53.377647
53.378117
53.378567
53.379002
53.379421
53.379826
53.380215
53.380589
53.380947
53.381294
53.381630
53.381950
53.382259
53.382557
53.382843
53.383121
53.383389
53.383644
53.383892
53.384132
53.384361
53.384583
53.384796
53.385002
53.385201
53.385391
53.385574
53.385750
53.385921
53.386086
53.386246
53.386398
53.386543
53.386684
53.386822
53.386951
53.387077
53.387199
53.387318
53.387432
53.387543
53.387650
53.387749
53.387848
53.387943
53.388035
53.388123
53.388206
53.388287
53.388363
53.388439
53.388512
53.388580
53.388649
53.388714
53.388775
53.388836
53.388893
53.388947
53.389000
53.389050
53.389099
53.389145
53.389191
53.389236
53.389278
53.389320
53.389359
53.389397
53.389435
53.389469
53.389503
53.389538
53.389568
53.389599
53.389629
53.389656
53.389683
53.389709
53.389736
53.389759
53.389782
53.389805
53.389828
53.389847
53.389866
53.389885
53.389904
53.389923
53.389942
53.389957
53.389973
53.389988
53.390003
53.390018
53.390034
53.390045
53.390057
53.390068
53.390079
53.390091
53.390102
53.390114
53.390125
53.390137
53.390144
53.390152
53.390160
53.390167
53.390175
53.390182
53.390190
53.390198
53.390205
53.390213
53.390221
53.390228
53.390236
53.390244
53.390251
53.390255
53.390259
53.390263
53.390266
53.390270
53.390274
53.390278
53.390282
53.390285
53.390289
53.390293
53.390297
53.390301
53.390305
53.390308
53.390312
53.390316
53.390320
53.390324
53.390327
53.390331
53.390335
53.390339
53.390343
53.390347
53.390350
53.390350
