0.000000  0.000000
0.010000  0.000020
0.020000  0.000158
0.030000  0.000531
0.040000  0.001257
0.050000  0.002447
0.060000  0.004213
0.070000  0.006662
0.080000  0.009895
0.090000  0.014010
0.100000  0.019098
0.110000  0.025244
0.120000  0.032524
0.130000  0.041009
0.140000  0.050761
0.150000  0.061832
0.160000  0.074268
0.170000  0.088102
0.180000  0.103360
0.190000  0.120056
0.200000  0.138197
0.210000  0.157775
0.220000  0.178776
0.230000  0.201173
0.240000  0.224930
0.250000  0.250000
0.260000  0.276326
0.270000  0.303840
0.280000  0.332467
0.290000  0.362120
0.300000  0.392705
0.310000  0.424119
0.320000  0.456249
0.330000  0.488979
0.340000  0.522181
0.350000  0.555725
0.360000  0.589473
0.370000  0.623282
0.380000  0.657008
0.390000  0.690500
0.400000  0.723607
